           0.0000000000
           0.0000000000
           0.0000000000
           0.0000000000
           0.0000000000
           0.0000000000
           0.0000000000
           0.0000000000
           0.0000000000
       0.0000=T
           0.0000011924
           0.0000009597
           0.0000003849
          -0.0000002236
          -0.0000005631
          -0.0000005091
          -0.0000001730
           0.0000001860
           0.0000003327
       0.0900=T
           0.0000612744
           0.0000492006
           0.0000193850
          -0.0000121531
          -0.0000296983
          -0.0000267915
          -0.0000092419
           0.0000094668
           0.0000171026
       0.1900=T
           0.0004732743
           0.0003781529
           0.0001433797
          -0.0001045713
          -0.0002417018
          -0.0002172197
          -0.0000772916
           0.0000713332
           0.0001319221
       0.2900=T
           0.0014480791
           0.0011450247
           0.0003977814
          -0.0003890843
          -0.0008193938
          -0.0007318968
          -0.0002760862
           0.0002047985
           0.0004004107
       0.3900=T
           0.0020892727
           0.0016032044
           0.0004073392
          -0.0008436613
          -0.0015103904
          -0.0013363068
          -0.0005697943
           0.0002274820
           0.0005502491
       0.4900=T
           0.0004673876
           0.0001821659
          -0.0005117751
          -0.0012132451
          -0.0015354033
          -0.0013340395
          -0.0007804364
          -0.0002368971
          -0.0000214281
       0.5900=T
          -0.0041814577
          -0.0037322470
          -0.0026047258
          -0.0013550473
          -0.0005408353
          -0.0004175061
          -0.0008288778
          -0.0013495734
          -0.0015736705
       0.6900=T
          -0.0096081467
          -0.0083511556
          -0.0052155200
          -0.0017999050
           0.0003065894
           0.0004055040
          -0.0010021632
          -0.0026450271
          -0.0033354615
       0.7900=T
          -0.0120528089
          -0.0107199429
          -0.0073680929
          -0.0036331448
          -0.0011587077
          -0.0007055122
          -0.0018296413
          -0.0032982712
          -0.0039337832
       0.8900=T
          -0.0103514707
          -0.0099415481
          -0.0088197151
          -0.0072890185
          -0.0057155979
          -0.0044021476
          -0.0035075287
          -0.0030410609
          -0.0029131796
       0.9900=T
          -0.0076068654
          -0.0083446568
          -0.0100072529
          -0.0112652592
          -0.0109138740
          -0.0086781140
          -0.0054299175
          -0.0026743573
          -0.0016390793
       1.0900=T
          -0.0071689095
          -0.0081912857
          -0.0105542205
          -0.0125457263
          -0.0125880791
          -0.0102578346
          -0.0065728826
          -0.0033642463
          -0.0021472911
       1.1900=T
          -0.0080525540
          -0.0083226571
          -0.0089108618
          -0.0092869550
          -0.0089840423
          -0.0079257675
          -0.0065030144
          -0.0053440514
          -0.0049238224
       1.2900=T
          -0.0068055429
          -0.0062348177
          -0.0048807086
          -0.0036251079
          -0.0033071826
          -0.0042091385
          -0.0058879103
          -0.0074488088
          -0.0080725634
       1.3900=T
          -0.0045022680
          -0.0038633661
          -0.0024060397
          -0.0012467336
          -0.0014162381
          -0.0031889623
          -0.0058804294
          -0.0082359668
          -0.0091519952
       1.4900=T
          -0.0085693393
          -0.0082682045
          -0.0075250082
          -0.0067430679
          -0.0063254084
          -0.0064493883
          -0.0069784336
          -0.0075553348
          -0.0078064869
       1.5900=T
          -0.0238379911
          -0.0232047606
          -0.0213547740
          -0.0184985306
          -0.0150213353
          -0.0114775579
          -0.0084916074
          -0.0065794871
          -0.0059601637
       1.6900=T
          -0.0439635552
          -0.0419391692
          -0.0363822468
          -0.0287491586
          -0.0208100434
          -0.0140527664
          -0.0093047889
          -0.0067063617
          -0.0059450883
       1.7900=T
          -0.0546118021
          -0.0510637425
          -0.0417005941
          -0.0299042929
          -0.0193610117
          -0.0124060307
          -0.0092749204
          -0.0085933227
          -0.0086384099
       1.8900=T
          -0.0452550538
          -0.0417894237
          -0.0328551829
          -0.0222234335
          -0.0138292834
          -0.0098113054
          -0.0097234305
          -0.0113008609
          -0.0121575873
       1.9900=T
          -0.0216059368
          -0.0205528177
          -0.0178640708
          -0.0147470208
          -0.0124518452
          -0.0116315586
          -0.0120791625
          -0.0129685048
          -0.0134034175
       2.0900=T
          -0.0030251499
          -0.0052393852
          -0.0107071111
          -0.0164958164
          -0.0197440926
          -0.0193009898
          -0.0162520837
          -0.0130325090
          -0.0117507009
       2.1900=T
          -0.0037084410
          -0.0076791542
          -0.0173177328
          -0.0269936882
          -0.0313002914
          -0.0282668248
          -0.0203615651
          -0.0126997726
          -0.0096932789
       2.2900=T
          -0.0227602478
          -0.0253167730
          -0.0312374420
          -0.0362699553
          -0.0364958681
          -0.0308606643
          -0.0218785796
          -0.0140616307
          -0.0111089163
       2.3900=T
          -0.0490559675
          -0.0470286123
          -0.0415923446
          -0.0344945900
          -0.0277265273
          -0.0227147676
          -0.0198897403
          -0.0188031532
          -0.0186191425
       2.4900=T
          -0.0669910163
          -0.0599190965
          -0.0422249027
          -0.0227898695
          -0.0104866298
          -0.0093060145
          -0.0166136753
          -0.0254582539
          -0.0292304661
       2.5900=T
          -0.0650485680
          -0.0567546785
          -0.0362424739
          -0.0144561036
          -0.0021738887
          -0.0039046719
          -0.0157870352
          -0.0286354721
          -0.0339435637
       2.6900=T
          -0.0447305441
          -0.0412763059
          -0.0326102301
          -0.0230229907
          -0.0168276075
          -0.0160152521
          -0.0193894524
          -0.0236271769
          -0.0254725330
       2.7900=T
          -0.0236647818
          -0.0281692706
          -0.0386835486
          -0.0478921346
          -0.0490016602
          -0.0400674827
          -0.0252379309
          -0.0121395532
          -0.0071423794
       2.8900=T
          -0.0242957957
          -0.0330530107
          -0.0535199083
          -0.0715237930
          -0.0738684162
          -0.0567070208
          -0.0279926062
          -0.0024941918
           0.0072939903
       2.9900=T
          -0.0552470498
          -0.0593196899
          -0.0680358037
          -0.0730341077
          -0.0669271350
          -0.0484976731
          -0.0240290258
          -0.0038548801
           0.0036710091
       3.0900=T
          -0.0974846482
          -0.0901108608
          -0.0709639341
          -0.0477614254
          -0.0286521893
          -0.0182696432
          -0.0160993617
          -0.0179341026
          -0.0191937424
       3.1900=T
          -0.1057700366
          -0.0909643844
          -0.0542242974
          -0.0148079209
           0.0082611674
           0.0068864347
          -0.0124122808
          -0.0338157415
          -0.0426918156
       3.2900=T
          -0.0585846864
          -0.0488919951
          -0.0253285840
          -0.0015872014
           0.0090924157
           0.0017203850
          -0.0178820137
          -0.0372033082
          -0.0449612997
       3.3900=T
           0.0133129125
           0.0082514789
          -0.0045396974
          -0.0190015268
          -0.0290433299
          -0.0318157375
          -0.0288513489
          -0.0244634282
          -0.0225834269
       3.4900=T
           0.0564277358
           0.0384696499
          -0.0056297546
          -0.0515078679
          -0.0754366145
          -0.0680348501
          -0.0387676507
          -0.0086989710
           0.0033961167
       3.5900=T
           0.0367806815
           0.0183598083
          -0.0264189634
          -0.0715551153
          -0.0919908583
          -0.0784197971
          -0.0420181602
          -0.0063776500
           0.0077564036
       3.6900=T
          -0.0491826423
          -0.0524979904
          -0.0598559827
          -0.0650368258
          -0.0624632984
          -0.0510009900
          -0.0349444859
          -0.0215217229
          -0.0165240634
       3.7900=T
          -0.1509536803
          -0.1334219128
          -0.0894332752
          -0.0407242551
          -0.0090660760
          -0.0043889442
          -0.0205299016
          -0.0408484377
          -0.0495591760
       3.8900=T
          -0.1618554592
          -0.1380784810
          -0.0790500641
          -0.0156362969
           0.0216666218
           0.0198597051
          -0.0106576290
          -0.0446187221
          -0.0586975776
       3.9900=T
          -0.0513931252
          -0.0443727523
          -0.0270563513
          -0.0088090254
           0.0011756201
          -0.0008833564
          -0.0115671298
          -0.0229042601
          -0.0275589302
       4.0900=T
           0.0550852977
           0.0410907716
           0.0068391734
          -0.0284243505
          -0.0460046902
          -0.0386320651
          -0.0140276160
           0.0108521590
           0.0208477359
       4.1900=T
           0.0745028630
           0.0529560372
           0.0006586054
          -0.0517857000
          -0.0748893172
          -0.0577395521
          -0.0136178872
           0.0294379275
           0.0465674028
       4.2900=T
           0.0020173620
          -0.0085509047
          -0.0334379598
          -0.0559452213
          -0.0604084954
          -0.0420024954
          -0.0096920896
           0.0194521639
           0.0307460763
       4.3900=T
          -0.1173083410
          -0.1056988761
          -0.0759458467
          -0.0410597734
          -0.0144603094
          -0.0031283661
          -0.0049697845
          -0.0117055019
          -0.0150202438
       4.4900=T
          -0.1992177665
          -0.1711628586
          -0.1011828184
          -0.0249624252
           0.0220461022
           0.0242921561
          -0.0070072962
          -0.0434970111
          -0.0587982908
       4.5900=T
          -0.1639824361
          -0.1409766823
          -0.0839850083
          -0.0231475197
           0.0118176891
           0.0083872909
          -0.0230024140
          -0.0573387705
          -0.0715314373
       4.6900=T
          -0.0461956225
          -0.0455436110
          -0.0439896956
          -0.0425412692
          -0.0422021449
          -0.0433889143
          -0.0456700772
          -0.0479509458
          -0.0489560328
       4.7900=T
           0.0604875423
           0.0392375402
          -0.0131663661
          -0.0683895946
          -0.0987251997
          -0.0929582715
          -0.0616035908
          -0.0285842102
          -0.0152431605
       4.8900=T
           0.0939210206
           0.0662053972
          -0.0020847984
          -0.0738578513
          -0.1128588840
          -0.1044594795
          -0.0625365749
          -0.0185931586
          -0.0008242644
       4.9900=T
           0.0286736824
           0.0158309452
          -0.0158522464
          -0.0492817387
          -0.0677439719
          -0.0644724295
          -0.0457944795
          -0.0260927770
          -0.0181465093
       5.0900=T
          -0.1083683223
          -0.0928872153
          -0.0545976534
          -0.0139176995
           0.0090568429
           0.0059392806
          -0.0160515234
          -0.0398148596
          -0.0496047735
       5.1900=T
          -0.2111752033
          -0.1761515886
          -0.0892042741
           0.0042072921
           0.0591989271
           0.0566880442
           0.0120366355
          -0.0376021229
          -0.0581205823
       5.2900=T
          -0.1300469041
          -0.1090521067
          -0.0566561855
           0.0005032017
           0.0359671153
           0.0381274335
           0.0153207937
          -0.0114034526
          -0.0225840304
       5.3900=T
           0.0330294520
           0.0221819822
          -0.0038299665
          -0.0288958009
          -0.0376581252
          -0.0248184931
           0.0019346132
           0.0270840861
           0.0369885899
       5.4900=T
           0.1268427372
           0.0952221304
           0.0182149895
          -0.0598370545
          -0.0960590467
          -0.0742438659
          -0.0130432388
           0.0475066639
           0.0717120841
       5.5900=T
           0.0996007323
           0.0721336603
           0.0052293097
          -0.0626271665
          -0.0942286551
          -0.0755144507
          -0.0226616058
           0.0296368767
           0.0505223572
       5.6900=T
          -0.0293262713
          -0.0313221551
          -0.0358778089
          -0.0395296030
          -0.0391261801
          -0.0339103155
          -0.0260704067
          -0.0193954669
          -0.0169094466
       5.7900=T
          -0.1864848137
          -0.1590807587
          -0.0914056152
          -0.0198312216
           0.0199077651
           0.0130385673
          -0.0273271315
          -0.0704702213
          -0.0881864876
       5.8900=T
          -0.2399530113
          -0.2039441019
          -0.1151476875
          -0.0216412060
           0.0294164810
           0.0187010821
          -0.0361466110
          -0.0942003801
          -0.1179731488
       5.9900=T
          -0.1259252429
          -0.1115679666
          -0.0763992220
          -0.0401253551
          -0.0219800379
          -0.0296014529
          -0.0552561134
          -0.0814919323
          -0.0922050402
       6.0900=T
           0.0294842944
           0.0136691267
          -0.0254487637
          -0.0670477748
          -0.0907212794
          -0.0880909488
          -0.0666366220
          -0.0435997956
          -0.0342866816
       6.1900=T
           0.1222097352
           0.0894390568
           0.0087214019
          -0.0760195479
          -0.1218540892
          -0.1114759371
          -0.0613657050
          -0.0089273360
           0.0122923264
       6.2900=T
           0.0992453545
           0.0740629509
           0.0120919524
          -0.0527881123
          -0.0874887481
          -0.0787312090
          -0.0393484607
           0.0016526120
           0.0182361659
       6.3900=T
          -0.0324226990
          -0.0297108665
          -0.0227844547
          -0.0147370193
          -0.0087491991
          -0.0064496812
          -0.0072821397
          -0.0091940006
          -0.0101083238
       6.4900=T
          -0.1820140928
          -0.1519332677
          -0.0769658163
           0.0044921306
           0.0543664843
           0.0560963675
           0.0219599158
          -0.0174302775
          -0.0338472202
       6.5900=T
          -0.1745896786
          -0.1468062848
          -0.0772463381
          -0.0006669940
           0.0482776128
           0.0540903918
           0.0271016639
          -0.0058178995
          -0.0197099131
       6.6900=T
          -0.0404779613
          -0.0385909975
          -0.0329402201
          -0.0238332245
          -0.0121470606
           0.0004573999
           0.0117273247
           0.0194263067
           0.0221021697
       6.7900=T
           0.0669378117
           0.0468644165
          -0.0016698251
          -0.0497382395
          -0.0695668310
          -0.0511041656
          -0.0073152296
           0.0348509103
           0.0515671633
       6.8900=T
           0.0852340907
           0.0616010278
           0.0039552110
          -0.0547694936
          -0.0826919749
          -0.0676683411
          -0.0233653020
           0.0207270626
           0.0383585878
       6.9900=T
           0.0174980946
           0.0080038011
          -0.0153582674
          -0.0398175828
          -0.0529245771
          -0.0497209579
          -0.0350797251
          -0.0198937524
          -0.0137983644
       7.0900=T
          -0.0933719352
          -0.0822625682
          -0.0551552735
          -0.0275320206
          -0.0144424774
          -0.0217257105
          -0.0430599637
          -0.0644805953
          -0.0731758326
       7.1900=T
          -0.1753220409
          -0.1522119641
          -0.0953072384
          -0.0356585123
          -0.0037003679
          -0.0118360072
          -0.0485096462
          -0.0870237872
          -0.1028079987
       7.2900=T
          -0.1591278017
          -0.1426565498
          -0.1017351523
          -0.0576974303
          -0.0316890515
          -0.0328427963
          -0.0541139580
          -0.0780071318
          -0.0880278870
       7.3900=T
          -0.0665606558
          -0.0684374198
          -0.0725188255
          -0.0751126036
          -0.0729810819
          -0.0656218976
          -0.0557831898
          -0.0478267036
          -0.0449723043
       7.4900=T
           0.0235491768
           0.0073577878
          -0.0320253149
          -0.0718032867
          -0.0900032073
          -0.0784516782
          -0.0469090529
          -0.0159811899
          -0.0037308678
       7.5900=T
           0.0517147221
           0.0356249847
          -0.0037318864
          -0.0441832989
          -0.0642149299
          -0.0555091575
          -0.0270307306
           0.0016547595
           0.0131445127
       7.6900=T
          -0.0012071780
          -0.0027645924
          -0.0063933381
          -0.0095467754
          -0.0098551651
          -0.0066336049
          -0.0013273185
           0.0033788725
           0.0051921685
       7.7900=T
          -0.1000256613
          -0.0834589675
          -0.0419397987
           0.0039018576
           0.0334771387
           0.0375305042
           0.0220954344
           0.0029961311
          -0.0050786850
       7.8900=T
          -0.1400933117
          -0.1202843040
          -0.0700439289
          -0.0127213374
           0.0280108117
           0.0406896956
           0.0306282435
           0.0141435154
           0.0067965598
       7.9900=T
          -0.0830320194
          -0.0776741654
          -0.0627212003
          -0.0414668173
          -0.0181442164
           0.0032433949
           0.0197787527
           0.0299032647
           0.0332202204
       8.0900=T
          -0.0066207126
          -0.0168474745
          -0.0405241363
          -0.0605901368
          -0.0612343028
          -0.0380446613
          -0.0009861211
           0.0316311941
           0.0441800989
       8.1900=T
           0.0272751115
           0.0127495183
          -0.0222858507
          -0.0567175895
          -0.0703392550
          -0.0559767820
          -0.0233090930
           0.0078393416
           0.0201133974
       8.2900=T
           0.0089091565
           0.0014675418
          -0.0171077307
          -0.0373975672
          -0.0500839725
          -0.0511376448
          -0.0435536467
          -0.0346770920
          -0.0310397483
       8.3900=T
          -0.0402447395
          -0.0368429534
          -0.0293444861
          -0.0242818035
          -0.0275949873
          -0.0406308398
          -0.0589461587
          -0.0746508911
          -0.0807513073
       8.4900=T
          -0.0807845742
          -0.0719712526
          -0.0510840639
          -0.0317842476
          -0.0270333849
          -0.0411186665
          -0.0670906827
          -0.0910937414
          -0.1006206051
       8.5900=T
          -0.0837930366
          -0.0788220987
          -0.0668095723
          -0.0549598970
          -0.0502602831
          -0.0553538091
          -0.0671021864
          -0.0786220431
          -0.0833505169
       8.6900=T
          -0.0588952973
          -0.0618090443
          -0.0685360804
          -0.0741964504
          -0.0743383244
          -0.0678493828
          -0.0577063635
          -0.0490564257
          -0.0458796062
       8.7900=T
          -0.0389186740
          -0.0449559800
          -0.0589648485
          -0.0709577724
          -0.0717037916
          -0.0586620606
          -0.0376644358
          -0.0192852356
          -0.0123010082
       8.8900=T
          -0.0420414843
          -0.0432449766
          -0.0452737361
          -0.0444485247
          -0.0377276205
          -0.0251311325
          -0.0102720363
           0.0014222355
           0.0057090074
       8.9900=T
          -0.0530370288
          -0.0472506844
          -0.0321372375
          -0.0135462265
           0.0023073726
           0.0117909694
           0.0150620481
           0.0149635253
           0.0145399235
       9.0900=T
          -0.0418472253
          -0.0359261408
          -0.0204868838
          -0.0015684568
           0.0144448848
           0.0238803737
           0.0269984491
           0.0267914385
           0.0263530947
       9.1900=T
          -0.0134641528
          -0.0147724925
          -0.0169868879
          -0.0161145329
          -0.0088159032
           0.0049679596
           0.0213816892
           0.0344778858
           0.0393707193
       9.2900=T
          -0.0070567960
          -0.0137662264
          -0.0291295536
          -0.0415758453
          -0.0404570326
          -0.0229843203
           0.0037655698
           0.0270272661
           0.0359461382
       9.3900=T
          -0.0388895236
          -0.0425263941
          -0.0504922494
          -0.0557227246
          -0.0519044213
          -0.0378193110
          -0.0184901580
          -0.0023583756
           0.0036899801
       9.4900=T
          -0.0890697241
          -0.0832042173
          -0.0683459491
          -0.0514678545
          -0.0396789908
          -0.0364746377
          -0.0402903482
          -0.0460857488
          -0.0487343818
       9.5900=T
          -0.1138640270
          -0.1014272273
          -0.0711248964
          -0.0403906219
          -0.0261581410
          -0.0349604338
          -0.0595948659
          -0.0842066109
          -0.0942020342
       9.6900=T
          -0.0852602646
          -0.0769024268
          -0.0571285933
          -0.0389729142
          -0.0347953588
          -0.0486620627
          -0.0738880560
          -0.0971590951
          -0.1064070761
       9.7900=T
          -0.0253286213
          -0.0293746088
          -0.0400328711
          -0.0534397662
          -0.0654896647
          -0.0737361386
          -0.0780904517
          -0.0799680948
          -0.0805708170
       9.8900=T
           0.0189994704
           0.0039100437
          -0.0333023183
          -0.0725288987
          -0.0941318497
          -0.0902032778
          -0.0682399571
          -0.0451611392
          -0.0358916074
       9.9900=T
           0.0152755687
          -0.0003468969
          -0.0381419547
          -0.0756616890
          -0.0913814455
          -0.0775517896
          -0.0442429334
          -0.0122288838
           0.0003792991
      10.0900=T
          -0.0431775376
          -0.0456502400
          -0.0506067723
          -0.0522268899
          -0.0454895645
          -0.0298743322
          -0.0102648856
           0.0055920994
           0.0114780990
      10.1900=T
          -0.1194388121
          -0.1030064970
          -0.0613141097
          -0.0136959385
           0.0202323925
           0.0309450515
           0.0227940753
           0.0092516523
           0.0031973312
      10.2900=T
          -0.1326039135
          -0.1089892015
          -0.0498717092
           0.0152003979
           0.0567867160
           0.0617556460
           0.0389266796
           0.0111209126
          -0.0005776924
      10.3900=T
          -0.0427889191
          -0.0340513587
          -0.0119640594
           0.0130183380
           0.0303619802
           0.0350980945
           0.0298266970
           0.0220209360
           0.0186342616
      10.4900=T
           0.0554486513
           0.0420719348
           0.0097326478
          -0.0222807154
          -0.0354382209
          -0.0230182782
           0.0063434052
           0.0346435457
           0.0458881930
      10.5900=T
           0.0779248253
           0.0541051999
          -0.0036990806
          -0.0616364591
          -0.0870997384
          -0.0680411384
          -0.0191794578
           0.0284590833
           0.0473983362
      10.6900=T
           0.0074353674
          -0.0073458548
          -0.0428610668
          -0.0773287117
          -0.0899925008
          -0.0736796707
          -0.0386976488
          -0.0057758000
           0.0071137943
      10.7900=T
          -0.1199380457
          -0.1117350981
          -0.0908952504
          -0.0670336410
          -0.0499864817
          -0.0446663909
          -0.0490693040
          -0.0564287528
          -0.0598424040
      10.8900=T
          -0.2159662098
          -0.1882283986
          -0.1196919382
          -0.0470999852
          -0.0066016708
          -0.0132351806
          -0.0538831688
          -0.0975445881
          -0.1155498847
      10.9900=T
          -0.1787227690
          -0.1541543305
          -0.0940544233
          -0.0323117897
          -0.0019189561
          -0.0158126839
          -0.0604523011
          -0.1057085842
          -0.1240729392
      11.0900=T
          -0.0396886095
          -0.0385413319
          -0.0364034139
          -0.0363596492
          -0.0410926826
          -0.0508895889
          -0.0630575716
          -0.0731186867
          -0.0770230442
      11.1900=T
           0.0861421004
           0.0633488968
           0.0069225724
          -0.0532192066
          -0.0876814947
          -0.0842583925
          -0.0535169318
          -0.0202063434
          -0.0066215624
      11.2900=T
           0.1271956563
           0.0965143368
           0.0212228931
          -0.0569266006
          -0.0972639546
          -0.0837197825
          -0.0325870849
           0.0198302139
           0.0409696512
      11.3900=T
           0.0545317903
           0.0392869599
           0.0023927847
          -0.0342579521
          -0.0496235043
          -0.0360413752
          -0.0032438121
           0.0284473505
           0.0410292335
      11.4900=T
          -0.1009692624
          -0.0855902806
          -0.0466711856
          -0.0025272006
           0.0283341315
           0.0370818265
           0.0281209499
           0.0144811561
           0.0084856050
      11.5900=T
          -0.2087178230
          -0.1734276414
          -0.0850879773
           0.0121256160
           0.0741909966
           0.0814630762
           0.0471273288
           0.0053448123
          -0.0122525310
      11.6900=T
          -0.1099070385
          -0.0914751589
          -0.0450924449
           0.0067102611
           0.0413379557
           0.0483858548
           0.0339738280
           0.0148594743
           0.0066744662
      11.7900=T
           0.0505139977
           0.0372805633
           0.0053352090
          -0.0261359829
          -0.0387300104
          -0.0258352235
           0.0038496109
           0.0323133916
           0.0435992926
      11.8900=T
           0.1223005131
           0.0916289017
           0.0166058894
          -0.0604866743
          -0.0985976681
          -0.0818170905
          -0.0272089783
           0.0278548039
           0.0499656051
      11.9900=T
           0.0725273341
           0.0490692370
          -0.0085105514
          -0.0683305711
          -0.0993547738
          -0.0893467888
          -0.0507537685
          -0.0112035852
           0.0046939822
      12.0900=T
          -0.0639522895
          -0.0619232282
          -0.0571249872
          -0.0527443364
          -0.0518493280
          -0.0555272400
          -0.0622073561
          -0.0685304105
          -0.0711470172
      12.1900=T
          -0.2030007392
          -0.1753487587
          -0.1075132862
          -0.0372083075
          -0.0012544245
          -0.0143288448
          -0.0617995672
          -0.1106106341
          -0.1304936856
      12.2900=T
          -0.2231471241
          -0.1917388886
          -0.1145928353
          -0.0343295299
           0.0073966361
          -0.0061238226
          -0.0585625283
          -0.1128211990
          -0.1349439919
      12.3900=T
          -0.1044069678
          -0.0945572704
          -0.0704257339
          -0.0455293991
          -0.0330828279
          -0.0383709110
          -0.0561264157
          -0.0743470863
          -0.0818295777
      12.4900=T
           0.0372027308
           0.0202470198
          -0.0212268587
          -0.0638570935
          -0.0849948004
          -0.0759160146
          -0.0460956693
          -0.0161113329
          -0.0041426807
      12.5900=T
           0.1145949587
           0.0844181180
           0.0107622482
          -0.0644253194
          -0.1005067974
          -0.0819339603
          -0.0259973761
           0.0298481919
           0.0522081628
      12.6900=T
           0.0832414627
           0.0629625991
           0.0137834912
          -0.0353969112
          -0.0567401350
          -0.0399686918
           0.0023071931
           0.0434821062
           0.0598832443
      12.7900=T
          -0.0477621444
          -0.0401001871
          -0.0203603152
           0.0031136135
           0.0216784291
           0.0307359491
           0.0313830152
           0.0285407789
           0.0270328149
      12.8900=T
          -0.1938245445
          -0.1604347378
          -0.0768592805
           0.0150906201
           0.0737570450
           0.0805655420
           0.0480190776
           0.0084612444
          -0.0081877103
      12.9900=T
          -0.1856005192
          -0.1566594094
          -0.0840235874
          -0.0035049294
           0.0490835831
           0.0574867502
           0.0319022872
          -0.0004614686
          -0.0142250555
      13.0900=T
          -0.0500669405
          -0.0491620079
          -0.0460566543
          -0.0400295518
          -0.0308982451
          -0.0197621435
          -0.0089879213
          -0.0013317475
           0.0013419752
      13.1900=T
           0.0657956824
           0.0423873402
          -0.0148903560
          -0.0738252476
          -0.1031618640
          -0.0908102989
          -0.0497665629
          -0.0083859637
           0.0081723211
      13.2900=T
           0.0949006677
           0.0662790090
          -0.0044701067
          -0.0795478448
          -0.1218884364
          -0.1162578762
          -0.0762770474
          -0.0334615633
          -0.0160725061
      13.3900=T
           0.0337181389
           0.0195147675
          -0.0163521599
          -0.0568195544
          -0.0847558379
          -0.0921897814
          -0.0835141093
          -0.0709462315
          -0.0655859858
      13.4900=T
          -0.0809655488
          -0.0715829730
          -0.0494910441
          -0.0295529645
          -0.0257966854
          -0.0426901616
          -0.0723740608
          -0.0994665772
          -0.1101678237
      13.5900=T
          -0.1765881181
          -0.1508039683
          -0.0876555890
          -0.0225381590
           0.0100615639
          -0.0034511194
          -0.0490849577
          -0.0955824181
          -0.1144531742
      13.6900=T
          -0.1630212516
          -0.1425191164
          -0.0914776921
          -0.0362025648
          -0.0027896846
          -0.0025862753
          -0.0271075349
          -0.0551424772
          -0.0668827444
      13.7900=T
          -0.0595390983
          -0.0598212928
          -0.0593040176
          -0.0549317598
          -0.0444366820
          -0.0285201259
          -0.0112219304
           0.0018835639
           0.0066089397
      13.8900=T
           0.0371930525
           0.0198932756
          -0.0212376006
          -0.0597244166
          -0.0705181062
          -0.0454114489
           0.0022000929
           0.0460319221
           0.0631708726
      13.9900=T
           0.0569837168
           0.0396342538
          -0.0018081240
          -0.0412152670
          -0.0537542291
          -0.0310350638
           0.0141438218
           0.0562331267
           0.0727805123
      14.0900=T
          -0.0130602811
          -0.0141462414
          -0.0158602595
          -0.0146126803
          -0.0074311523
           0.0056564105
           0.0210572463
           0.0332860947
           0.0378479138
      14.1900=T
          -0.1140207797
          -0.0970144197
          -0.0542541705
          -0.0066118059
           0.0249889232
           0.0309389066
           0.0169781223
          -0.0012405941
          -0.0090447236
      14.2900=T
          -0.1341104805
          -0.1162371859
          -0.0714713410
          -0.0221426934
           0.0094517721
           0.0132813863
          -0.0040926877
          -0.0254028738
          -0.0344499610
      14.3900=T
          -0.0648984388
          -0.0621054769
          -0.0548531972
          -0.0460758768
          -0.0389011204
          -0.0351495706
          -0.0346649550
          -0.0357784182
          -0.0364894122
      14.4900=T
           0.0101896245
          -0.0015881405
          -0.0306668151
          -0.0614269599
          -0.0786020011
          -0.0760110319
          -0.0594071597
          -0.0418352038
          -0.0347774923
      14.5900=T
           0.0394437946
           0.0240859278
          -0.0142926630
          -0.0563411489
          -0.0828692988
          -0.0854867920
          -0.0702095479
          -0.0520595387
          -0.0445571244
      14.6900=T
           0.0156113487
           0.0077163326
          -0.0126105538
          -0.0367550813
          -0.0558385290
          -0.0652095452
          -0.0660868734
          -0.0635108650
          -0.0621820949
      14.7900=T
          -0.0412450768
          -0.0375633314
          -0.0291756094
          -0.0225446615
          -0.0236499533
          -0.0341026895
          -0.0499470830
          -0.0638656020
          -0.0693152696
      14.8900=T
          -0.0912759155
          -0.0811750218
          -0.0561178252
          -0.0292684957
          -0.0136468904
          -0.0148168588
          -0.0283312239
          -0.0433099642
          -0.0495590679
      14.9900=T
          -0.1005703285
          -0.0938017517
          -0.0758426338
          -0.0529265329
          -0.0319208317
          -0.0173288155
          -0.0099008046
          -0.0074589774
          -0.0071098544
      15.0900=T
