           0.0000000000
           0.0000000000
           0.0000000000
           0.0000000000
           0.0000000000
           0.0000000000
           0.0000000000
           0.0000000000
           0.0000000000
       0.0000=T
           0.0000011924
           0.0000009597
           0.0000003849
          -0.0000002236
          -0.0000005631
          -0.0000005090
          -0.0000001728
           0.0000001862
           0.0000003328
       0.0900=T
           0.0000612744
           0.0000492006
           0.0000193850
          -0.0000121529
          -0.0000296978
          -0.0000267907
          -0.0000092409
           0.0000094681
           0.0000171039
       0.1900=T
           0.0004732743
           0.0003781529
           0.0001433798
          -0.0001045707
          -0.0002417004
          -0.0002172175
          -0.0000772886
           0.0000713368
           0.0001319259
       0.2900=T
           0.0014480791
           0.0011450248
           0.0003977820
          -0.0003890828
          -0.0008193910
          -0.0007318924
          -0.0002760803
           0.0002048054
           0.0004004179
       0.3900=T
           0.0020892730
           0.0016032050
           0.0004073406
          -0.0008436584
          -0.0015103858
          -0.0013363002
          -0.0005697859
           0.0002274916
           0.0005502591
       0.4900=T
           0.0004673876
           0.0001821672
          -0.0005117725
          -0.0012132408
          -0.0015353971
          -0.0013340316
          -0.0007804270
          -0.0002368867
          -0.0000214173
       0.5900=T
          -0.0041814577
          -0.0037322452
          -0.0026047220
          -0.0013550420
          -0.0005408287
          -0.0004174987
          -0.0008288699
          -0.0013495651
          -0.0015736623
       0.6900=T
          -0.0096081458
          -0.0083511537
          -0.0052155158
          -0.0017999000
           0.0003065944
           0.0004055085
          -0.0010021597
          -0.0026450246
          -0.0033354589
       0.7900=T
          -0.0120528089
          -0.0107199410
          -0.0073680896
          -0.0036331420
          -0.0011587061
          -0.0007055129
          -0.0018296443
          -0.0032982759
          -0.0039337883
       0.8900=T
          -0.0103514707
          -0.0099415481
          -0.0088197151
          -0.0072890203
          -0.0057156016
          -0.0044021546
          -0.0035075389
          -0.0030410732
          -0.0029131926
       0.9900=T
          -0.0076068658
          -0.0083446587
          -0.0100072576
          -0.0112652667
          -0.0109138843
          -0.0086781280
          -0.0054299333
          -0.0026743752
          -0.0016390977
       1.0900=T
          -0.0071689100
          -0.0081912903
          -0.0105542289
          -0.0125457384
          -0.0125880940
          -0.0102578513
          -0.0065729008
          -0.0033642654
          -0.0021473104
       1.1900=T
          -0.0080525549
          -0.0083226627
          -0.0089108720
          -0.0092869690
          -0.0089840572
          -0.0079257833
          -0.0065030297
          -0.0053440663
          -0.0049238373
       1.2900=T
          -0.0068055433
          -0.0062348228
          -0.0048807175
          -0.0036251191
          -0.0033071938
          -0.0042091482
          -0.0058879182
          -0.0074488148
          -0.0080725690
       1.3900=T
          -0.0045022680
          -0.0038633691
          -0.0024060449
          -0.0012467387
          -0.0014162415
          -0.0031889628
          -0.0058804266
          -0.0082359612
          -0.0091519896
       1.4900=T
          -0.0085693393
          -0.0082682036
          -0.0075250063
          -0.0067430642
          -0.0063254014
          -0.0064493776
          -0.0069784201
          -0.0075553190
          -0.0078064702
       1.5900=T
          -0.0238379911
          -0.0232047569
          -0.0213547647
          -0.0184985157
          -0.0150213176
          -0.0114775384
          -0.0084915850
          -0.0065794634
          -0.0059601394
       1.6900=T
          -0.0439635552
          -0.0419391617
          -0.0363822319
          -0.0287491381
          -0.0208100192
          -0.0140527412
          -0.0093047628
          -0.0067063360
          -0.0059450632
       1.7900=T
          -0.0546118021
          -0.0510637313
          -0.0417005792
          -0.0299042743
          -0.0193609893
          -0.0124060083
          -0.0092748990
          -0.0085933022
          -0.0086383903
       1.8900=T
          -0.0452550538
          -0.0417894199
          -0.0328551717
          -0.0222234204
          -0.0138292694
          -0.0098112924
          -0.0097234193
          -0.0113008516
          -0.0121575780
       1.9900=T
          -0.0216059368
          -0.0205528159
          -0.0178640652
          -0.0147470171
          -0.0124518424
          -0.0116315577
          -0.0120791644
          -0.0129685085
          -0.0134034222
       2.0900=T
          -0.0030251502
          -0.0052393866
          -0.0107071139
          -0.0164958220
          -0.0197441019
          -0.0193010010
          -0.0162520986
          -0.0130325258
          -0.0117507186
       2.1900=T
          -0.0037084415
          -0.0076791598
          -0.0173177440
          -0.0269937031
          -0.0313003138
          -0.0282668471
          -0.0203615911
          -0.0126997996
          -0.0096933069
       2.2900=T
          -0.0227602478
          -0.0253167823
          -0.0312374588
          -0.0362699814
          -0.0364958942
          -0.0308606960
          -0.0218786113
          -0.0140616624
          -0.0111089479
       2.3900=T
          -0.0490559675
          -0.0470286198
          -0.0415923633
          -0.0344946124
          -0.0277265534
          -0.0227147937
          -0.0198897664
          -0.0188031811
          -0.0186191685
       2.4900=T
          -0.0669910163
          -0.0599191040
          -0.0422249138
          -0.0227898844
          -0.0104866466
          -0.0093060303
          -0.0166136920
          -0.0254582670
          -0.0292304792
       2.5900=T
          -0.0650485680
          -0.0567546785
          -0.0362424776
          -0.0144561101
          -0.0021738936
          -0.0039046742
          -0.0157870334
          -0.0286354683
          -0.0339435600
       2.6900=T
          -0.0447305441
          -0.0412763059
          -0.0326102301
          -0.0230229869
          -0.0168276019
          -0.0160152409
          -0.0193894356
          -0.0236271583
          -0.0254725125
       2.7900=T
          -0.0236647800
          -0.0281692669
          -0.0386835411
          -0.0478921197
          -0.0490016416
          -0.0400674604
          -0.0252379049
          -0.0121395243
          -0.0071423491
       2.8900=T
          -0.0242957957
          -0.0330529995
          -0.0535198897
          -0.0715237707
          -0.0738683864
          -0.0567069910
          -0.0279925745
          -0.0024941592
           0.0072940234
       2.9900=T
          -0.0552470498
          -0.0593196824
          -0.0680357888
          -0.0730340853
          -0.0669271126
          -0.0484976470
          -0.0240289979
          -0.0038548522
           0.0036710370
       3.0900=T
          -0.0974846482
          -0.0901108608
          -0.0709639266
          -0.0477614217
          -0.0286521800
          -0.0182696301
          -0.0160993468
          -0.0179340858
          -0.0191937257
       3.1900=T
          -0.1057700366
          -0.0909643844
          -0.0542243011
          -0.0148079228
           0.0082611665
           0.0068864352
          -0.0124122798
          -0.0338157415
          -0.0426918119
       3.2900=T
          -0.0585846864
          -0.0488919951
          -0.0253285822
          -0.0015871995
           0.0090924157
           0.0017203806
          -0.0178820211
          -0.0372033194
          -0.0449613146
       3.3900=T
           0.0133129125
           0.0082514836
          -0.0045396904
          -0.0190015212
          -0.0290433299
          -0.0318157449
          -0.0288513638
          -0.0244634468
          -0.0225834474
       3.4900=T
           0.0564277358
           0.0384696499
          -0.0056297537
          -0.0515078716
          -0.0754366219
          -0.0680348650
          -0.0387676731
          -0.0086989943
           0.0033960920
       3.5900=T
           0.0367806815
           0.0183598045
          -0.0264189709
          -0.0715551227
          -0.0919908732
          -0.0784198195
          -0.0420181826
          -0.0063776728
           0.0077563804
       3.6900=T
          -0.0491826423
          -0.0524979979
          -0.0598559901
          -0.0650368407
          -0.0624633133
          -0.0510010086
          -0.0349445045
          -0.0215217415
          -0.0165240802
       3.7900=T
          -0.1509536803
          -0.1334219128
          -0.0894332901
          -0.0407242663
          -0.0090660881
          -0.0043889559
          -0.0205299109
          -0.0408484489
          -0.0495591834
       3.8900=T
          -0.1618554592
          -0.1380784810
          -0.0790500715
          -0.0156363100
           0.0216666125
           0.0198596995
          -0.0106576290
          -0.0446187183
          -0.0586975738
       3.9900=T
          -0.0513931252
          -0.0443727598
          -0.0270563606
          -0.0088090347
           0.0011756143
          -0.0008833557
          -0.0115671223
          -0.0229042489
          -0.0275589153
       4.0900=T
           0.0550852977
           0.0410907716
           0.0068391738
          -0.0284243487
          -0.0460046828
          -0.0386320539
          -0.0140276030
           0.0108521748
           0.0208477527
       4.1900=T
           0.0745028630
           0.0529560447
           0.0006586192
          -0.0517856814
          -0.0748893023
          -0.0577395298
          -0.0136178676
           0.0294379462
           0.0465674177
       4.2900=T
           0.0020173627
          -0.0085508954
          -0.0334379449
          -0.0559451990
          -0.0604084730
          -0.0420024693
          -0.0096920673
           0.0194521844
           0.0307460967
       4.3900=T
          -0.1173083410
          -0.1056988686
          -0.0759458393
          -0.0410597622
          -0.0144602917
          -0.0031283456
          -0.0049697626
          -0.0117054796
          -0.0150202215
       4.4900=T
          -0.1992177665
          -0.1711628586
          -0.1011828184
          -0.0249624178
           0.0220461134
           0.0242921710
          -0.0070072785
          -0.0434969887
          -0.0587982684
       4.5900=T
          -0.1639824361
          -0.1409766823
          -0.0839850083
          -0.0231475141
           0.0118176965
           0.0083872993
          -0.0230024047
          -0.0573387593
          -0.0715314299
       4.6900=T
          -0.0461956225
          -0.0455436110
          -0.0439896956
          -0.0425412692
          -0.0422021486
          -0.0433889180
          -0.0456700809
          -0.0479509495
          -0.0489560366
       4.7900=T
           0.0604875423
           0.0392375365
          -0.0131663755
          -0.0683896095
          -0.0987252221
          -0.0929582864
          -0.0616036132
          -0.0285842307
          -0.0152431820
       4.8900=T
           0.0939210132
           0.0662053898
          -0.0020848121
          -0.0738578737
          -0.1128589064
          -0.1044595093
          -0.0625366122
          -0.0185931921
          -0.0008242987
       4.9900=T
           0.0286736824
           0.0158309415
          -0.0158522539
          -0.0492817536
          -0.0677439868
          -0.0644724593
          -0.0457945131
          -0.0260928124
          -0.0181465466
       5.0900=T
          -0.1083683223
          -0.0928872153
          -0.0545976497
          -0.0139177004
           0.0090568364
           0.0059392666
          -0.0160515439
          -0.0398148857
          -0.0496048033
       5.1900=T
          -0.2111752033
          -0.1761515886
          -0.0892042741
           0.0042072926
           0.0591989234
           0.0566880405
           0.0120366290
          -0.0376021303
          -0.0581205934
       5.2900=T
          -0.1300469041
          -0.1090521067
          -0.0566561893
           0.0005031992
           0.0359671153
           0.0381274410
           0.0153208049
          -0.0114034386
          -0.0225840155
       5.3900=T
           0.0330294520
           0.0221819822
          -0.0038299658
          -0.0288957953
          -0.0376581177
          -0.0248184744
           0.0019346381
           0.0270841159
           0.0369886234
       5.4900=T
           0.1268427372
           0.0952221304
           0.0182149969
          -0.0598370396
          -0.0960590243
          -0.0742438361
          -0.0130432043
           0.0475067049
           0.0717121288
       5.5900=T
           0.0996007323
           0.0721336603
           0.0052293167
          -0.0626271516
          -0.0942286327
          -0.0755144209
          -0.0226615705
           0.0296369176
           0.0505224019
       5.6900=T
          -0.0293262713
          -0.0313221589
          -0.0358778127
          -0.0395296030
          -0.0391261689
          -0.0339102969
          -0.0260703787
          -0.0193954315
          -0.0169094093
       5.7900=T
          -0.1864848137
          -0.1590807587
          -0.0914056152
          -0.0198312253
           0.0199077651
           0.0130385729
          -0.0273271184
          -0.0704702064
          -0.0881864652
       5.8900=T
          -0.2399530113
          -0.2039441019
          -0.1151476875
          -0.0216412079
           0.0294164792
           0.0187010765
          -0.0361466184
          -0.0942003876
          -0.1179731563
       5.9900=T
          -0.1259252429
          -0.1115679666
          -0.0763992220
          -0.0401253588
          -0.0219800472
          -0.0296014715
          -0.0552561432
          -0.0814919621
          -0.0922050774
       6.0900=T
           0.0294842944
           0.0136691239
          -0.0254487693
          -0.0670477822
          -0.0907213017
          -0.0880909786
          -0.0666366592
          -0.0435998365
          -0.0342867300
       6.1900=T
           0.1222097352
           0.0894390494
           0.0087213917
          -0.0760195628
          -0.1218541116
          -0.1114759669
          -0.0613657385
          -0.0089273751
           0.0122922864
       6.2900=T
           0.0992453545
           0.0740629509
           0.0120919505
          -0.0527881160
          -0.0874887630
          -0.0787312239
          -0.0393484831
           0.0016525881
           0.0182361417
       6.3900=T
          -0.0324226990
          -0.0297108609
          -0.0227844473
          -0.0147370109
          -0.0087491926
          -0.0064496789
          -0.0072821411
          -0.0091940043
          -0.0101083294
       6.4900=T
          -0.1820140928
          -0.1519332677
          -0.0769658089
           0.0044921394
           0.0543664955
           0.0560963824
           0.0219599288
          -0.0174302626
          -0.0338472053
       6.5900=T
          -0.1745896786
          -0.1468062848
          -0.0772463381
          -0.0006669899
           0.0482776240
           0.0540904067
           0.0271016881
          -0.0058178715
          -0.0197098833
       6.6900=T
          -0.0404779613
          -0.0385909975
          -0.0329402201
          -0.0238332171
          -0.0121470466
           0.0004574208
           0.0117273517
           0.0194263384
           0.0221022032
       6.7900=T
           0.0669378191
           0.0468644202
          -0.0016698157
          -0.0497382283
          -0.0695668161
          -0.0511041433
          -0.0073152035
           0.0348509401
           0.0515671931
       6.8900=T
           0.0852340907
           0.0616010316
           0.0039552189
          -0.0547694825
          -0.0826919600
          -0.0676683187
          -0.0233652815
           0.0207270831
           0.0383586064
       6.9900=T
           0.0174980946
           0.0080038020
          -0.0153582664
          -0.0398175828
          -0.0529245734
          -0.0497209504
          -0.0350797139
          -0.0198937431
          -0.0137983533
       7.0900=T
          -0.0933719352
          -0.0822625682
          -0.0551552773
          -0.0275320224
          -0.0144424792
          -0.0217257123
          -0.0430599637
          -0.0644805953
          -0.0731758326
       7.1900=T
          -0.1753220409
          -0.1522119641
          -0.0953072459
          -0.0356585160
          -0.0037003737
          -0.0118360156
          -0.0485096574
          -0.0870237947
          -0.1028080136
       7.2900=T
          -0.1591278017
          -0.1426565647
          -0.1017351598
          -0.0576974414
          -0.0316890664
          -0.0328428149
          -0.0541139767
          -0.0780071467
          -0.0880279019
       7.3900=T
          -0.0665606633
          -0.0684374273
          -0.0725188404
          -0.0751126260
          -0.0729811043
          -0.0656219199
          -0.0557832085
          -0.0478267223
          -0.0449723229
       7.4900=T
           0.0235491749
           0.0073577780
          -0.0320253335
          -0.0718033090
          -0.0900032371
          -0.0784517005
          -0.0469090678
          -0.0159812029
          -0.0037308801
       7.5900=T
           0.0517147221
           0.0356249809
          -0.0037318934
          -0.0441833101
          -0.0642149374
          -0.0555091687
          -0.0270307399
           0.0016547525
           0.0131445061
       7.6900=T
          -0.0012071776
          -0.0027645885
          -0.0063933311
          -0.0095467679
          -0.0098551596
          -0.0066336025
          -0.0013273191
           0.0033788700
           0.0051921653
       7.7900=T
          -0.1000256538
          -0.0834589601
          -0.0419397876
           0.0039018709
           0.0334771499
           0.0375305116
           0.0220954381
           0.0029961304
          -0.0050786869
       7.8900=T
          -0.1400933117
          -0.1202842966
          -0.0700439140
          -0.0127213243
           0.0280108247
           0.0406897031
           0.0306282490
           0.0141435182
           0.0067965612
       7.9900=T
          -0.0830320194
          -0.0776741579
          -0.0627211854
          -0.0414668024
          -0.0181442015
           0.0032434096
           0.0197787657
           0.0299032722
           0.0332202278
       8.0900=T
          -0.0066207121
          -0.0168474689
          -0.0405241251
          -0.0605901182
          -0.0612342879
          -0.0380446427
          -0.0009861025
           0.0316312127
           0.0441801175
       8.1900=T
           0.0272751115
           0.0127495192
          -0.0222858489
          -0.0567175820
          -0.0703392401
          -0.0559767634
          -0.0233090706
           0.0078393687
           0.0201134253
       8.2900=T
           0.0089091565
           0.0014675374
          -0.0171077363
          -0.0373975709
          -0.0500839688
          -0.0511376299
          -0.0435536243
          -0.0346770622
          -0.0310397148
       8.3900=T
          -0.0402447395
          -0.0368429571
          -0.0293444935
          -0.0242818072
          -0.0275949873
          -0.0406308323
          -0.0589461438
          -0.0746508688
          -0.0807512850
       8.4900=T
          -0.0807845742
          -0.0719712526
          -0.0510840639
          -0.0317842513
          -0.0270333849
          -0.0411186665
          -0.0670906752
          -0.0910937339
          -0.1006206051
       8.5900=T
          -0.0837930366
          -0.0788220987
          -0.0668095723
          -0.0549599044
          -0.0502602942
          -0.0553538240
          -0.0671022013
          -0.0786220580
          -0.0833505318
       8.6900=T
          -0.0588952973
          -0.0618090481
          -0.0685360879
          -0.0741964653
          -0.0743383467
          -0.0678494126
          -0.0577063933
          -0.0490564592
          -0.0458796397
       8.7900=T
          -0.0389186777
          -0.0449559838
          -0.0589648634
          -0.0709577873
          -0.0717038140
          -0.0586620905
          -0.0376644656
          -0.0192852672
          -0.0123010399
       8.8900=T
          -0.0420414843
          -0.0432449803
          -0.0452737436
          -0.0444485359
          -0.0377276354
          -0.0251311511
          -0.0102720568
           0.0014222132
           0.0057089846
       8.9900=T
          -0.0530370288
          -0.0472506844
          -0.0321372412
          -0.0135462312
           0.0023073666
           0.0117909620
           0.0150620388
           0.0149635160
           0.0145399142
       9.0900=T
          -0.0418472253
          -0.0359261408
          -0.0204868838
          -0.0015684571
           0.0144448858
           0.0238803755
           0.0269984510
           0.0267914422
           0.0263530985
       9.1900=T
          -0.0134641519
          -0.0147724906
          -0.0169868842
          -0.0161145274
          -0.0088158939
           0.0049679717
           0.0213817041
           0.0344779007
           0.0393707342
       9.2900=T
          -0.0070567955
          -0.0137662198
          -0.0291295424
          -0.0415758267
          -0.0404570103
          -0.0229842961
           0.0037655979
           0.0270272959
           0.0359461680
       9.3900=T
          -0.0388895236
          -0.0425263867
          -0.0504922345
          -0.0557227060
          -0.0519043952
          -0.0378192775
          -0.0184901226
          -0.0023583365
           0.0036900202
       9.4900=T
          -0.0890697241
          -0.0832042173
          -0.0683459416
          -0.0514678396
          -0.0396789685
          -0.0364746116
          -0.0402903147
          -0.0460857116
          -0.0487343445
       9.5900=T
          -0.1138640270
          -0.1014272198
          -0.0711248890
          -0.0403906144
          -0.0261581279
          -0.0349604152
          -0.0595948473
          -0.0842065886
          -0.0942020118
       9.6900=T
          -0.0852602646
          -0.0769024193
          -0.0571285859
          -0.0389729068
          -0.0347953551
          -0.0486620590
          -0.0738880560
          -0.0971590951
          -0.1064070836
       9.7900=T
          -0.0253286194
          -0.0293746050
          -0.0400328673
          -0.0534397662
          -0.0654896721
          -0.0737361535
          -0.0780904740
          -0.0799681246
          -0.0805708468
       9.8900=T
           0.0189994704
           0.0039100423
          -0.0333023220
          -0.0725289062
          -0.0941318721
          -0.0902033076
          -0.0682399943
          -0.0451611802
          -0.0358916484
       9.9900=T
           0.0152755687
          -0.0003469035
          -0.0381419696
          -0.0756617114
          -0.0913814753
          -0.0775518194
          -0.0442429669
          -0.0122289211
           0.0003792606
      10.0900=T
          -0.0431775376
          -0.0456502438
          -0.0506067835
          -0.0522269085
          -0.0454895869
          -0.0298743546
          -0.0102649098
           0.0055920756
           0.0114780748
      10.1900=T
          -0.1194388121
          -0.1030064970
          -0.0613141172
          -0.0136959478
           0.0202323832
           0.0309450421
           0.0227940679
           0.0092516467
           0.0031973268
      10.2900=T
          -0.1326039135
          -0.1089892089
          -0.0498717166
           0.0152003914
           0.0567867123
           0.0617556497
           0.0389266871
           0.0111209229
          -0.0005776798
      10.3900=T
          -0.0427889228
          -0.0340513662
          -0.0119640669
           0.0130183315
           0.0303619783
           0.0350981019
           0.0298267100
           0.0220209546
           0.0186342821
      10.4900=T
           0.0554486513
           0.0420719348
           0.0097326487
          -0.0222807117
          -0.0354382135
          -0.0230182651
           0.0063434229
           0.0346435681
           0.0458882153
      10.5900=T
           0.0779248253
           0.0541052073
          -0.0036990684
          -0.0616364442
          -0.0870997161
          -0.0680411160
          -0.0191794373
           0.0284591038
           0.0473983586
      10.6900=T
           0.0074353679
          -0.0073458478
          -0.0428610519
          -0.0773286968
          -0.0899924859
          -0.0736796558
          -0.0386976264
          -0.0057757813
           0.0071138125
      10.7900=T
          -0.1199380457
          -0.1117350981
          -0.0908952430
          -0.0670336336
          -0.0499864705
          -0.0446663760
          -0.0490692928
          -0.0564287379
          -0.0598423891
      10.8900=T
          -0.2159662098
          -0.1882283986
          -0.1196919382
          -0.0470999852
          -0.0066016708
          -0.0132351788
          -0.0538831651
          -0.0975445807
          -0.1155498847
      10.9900=T
          -0.1787227690
          -0.1541543305
          -0.0940544233
          -0.0323117897
          -0.0019189585
          -0.0158126894
          -0.0604523085
          -0.1057085916
          -0.1240729466
      11.0900=T
          -0.0396886095
          -0.0385413282
          -0.0364034101
          -0.0363596492
          -0.0410926864
          -0.0508896001
          -0.0630575866
          -0.0731187090
          -0.0770230666
      11.1900=T
           0.0861421004
           0.0633488968
           0.0069225710
          -0.0532192141
          -0.0876815021
          -0.0842584074
          -0.0535169505
          -0.0202063657
          -0.0066215843
      11.2900=T
           0.1271956563
           0.0965143368
           0.0212228876
          -0.0569266081
          -0.0972639620
          -0.0837197974
          -0.0325871035
           0.0198301952
           0.0409696326
      11.3900=T
           0.0545317903
           0.0392869599
           0.0023927835
          -0.0342579521
          -0.0496235117
          -0.0360413827
          -0.0032438249
           0.0284473374
           0.0410292223
      11.4900=T
          -0.1009692624
          -0.0855902731
          -0.0466711856
          -0.0025271992
           0.0283341296
           0.0370818228
           0.0281209406
           0.0144811459
           0.0084855938
      11.5900=T
          -0.2087178230
          -0.1734276563
          -0.0850879773
           0.0121256104
           0.0741909891
           0.0814630687
           0.0471273214
           0.0053448062
          -0.0122525366
      11.6900=T
          -0.1099070385
          -0.0914751664
          -0.0450924560
           0.0067102481
           0.0413379446
           0.0483858474
           0.0339738242
           0.0148594743
           0.0066744667
      11.7900=T
           0.0505139977
           0.0372805595
           0.0053352034
          -0.0261359885
          -0.0387300104
          -0.0258352216
           0.0038496158
           0.0323133990
           0.0435993001
      11.8900=T
           0.1223005131
           0.0916289091
           0.0166058950
          -0.0604866631
          -0.0985976607
          -0.0818170756
          -0.0272089615
           0.0278548207
           0.0499656200
      11.9900=T
           0.0725273341
           0.0490692407
          -0.0085105421
          -0.0683305562
          -0.0993547589
          -0.0893467665
          -0.0507537425
          -0.0112035573
           0.0046940111
      12.0900=T
          -0.0639522895
          -0.0619232282
          -0.0571249835
          -0.0527443253
          -0.0518493131
          -0.0555272177
          -0.0622073263
          -0.0685303807
          -0.0711469799
      12.1900=T
          -0.2030007392
          -0.1753487587
          -0.1075132862
          -0.0372083001
          -0.0012544142
          -0.0143288299
          -0.0617995486
          -0.1106106043
          -0.1304936707
      12.2900=T
          -0.2231471241
          -0.1917388886
          -0.1145928279
          -0.0343295224
           0.0073966421
          -0.0061238175
          -0.0585625246
          -0.1128211915
          -0.1349439770
      12.3900=T
          -0.1044069678
          -0.0945572704
          -0.0704257339
          -0.0455293991
          -0.0330828317
          -0.0383709185
          -0.0561264306
          -0.0743471012
          -0.0818295926
      12.4900=T
           0.0372027308
           0.0202470161
          -0.0212268680
          -0.0638571084
          -0.0849948227
          -0.0759160370
          -0.0460956916
          -0.0161113609
          -0.0041427091
      12.5900=T
           0.1145949587
           0.0844181105
           0.0107622342
          -0.0644253343
          -0.1005068272
          -0.0819339901
          -0.0259974077
           0.0298481602
           0.0522081330
      12.6900=T
           0.0832414627
           0.0629625991
           0.0137834847
          -0.0353969224
          -0.0567401499
          -0.0399687141
           0.0023071649
           0.0434820727
           0.0598832108
      12.7900=T
          -0.0477621444
          -0.0401001871
          -0.0203603115
           0.0031136156
           0.0216784254
           0.0307359379
           0.0313829966
           0.0285407528
           0.0270327870
      12.8900=T
          -0.1938245445
          -0.1604347378
          -0.0768592730
           0.0150906248
           0.0737570524
           0.0805655420
           0.0480190665
           0.0084612314
          -0.0081877243
      12.9900=T
          -0.1856005192
          -0.1566594094
          -0.0840235874
          -0.0035049252
           0.0490835905
           0.0574867576
           0.0319022946
          -0.0004614629
          -0.0142250499
      13.0900=T
          -0.0500669405
          -0.0491620041
          -0.0460566469
          -0.0400295407
          -0.0308982283
          -0.0197621230
          -0.0089878980
          -0.0013317219
           0.0013420014
      13.1900=T
           0.0657956824
           0.0423873439
          -0.0148903430
          -0.0738252327
          -0.1031618342
          -0.0908102691
          -0.0497665256
          -0.0083859246
           0.0081723612
      13.2900=T
           0.0949006677
           0.0662790164
          -0.0044700978
          -0.0795478299
          -0.1218884140
          -0.1162578464
          -0.0762770101
          -0.0334615260
          -0.0160724651
      13.3900=T
           0.0337181352
           0.0195147656
          -0.0163521618
          -0.0568195544
          -0.0847558305
          -0.0921897665
          -0.0835140869
          -0.0709462017
          -0.0655859560
      13.4900=T
          -0.0809655488
          -0.0715829805
          -0.0494910553
          -0.0295529738
          -0.0257966928
          -0.0426901653
          -0.0723740608
          -0.0994665772
          -0.1101678237
      13.5900=T
          -0.1765881181
          -0.1508039683
          -0.0876555964
          -0.0225381684
           0.0100615509
          -0.0034511357
          -0.0490849763
          -0.0955824405
          -0.1144531965
      13.6900=T
          -0.1630212516
          -0.1425191164
          -0.0914776996
          -0.0362025760
          -0.0027897023
          -0.0025863000
          -0.0271075666
          -0.0551425107
          -0.0668827817
      13.7900=T
          -0.0595390983
          -0.0598213002
          -0.0593040287
          -0.0549317785
          -0.0444367081
          -0.0285201538
          -0.0112219630
           0.0018835287
           0.0066089034
      13.8900=T
           0.0371930525
           0.0198932700
          -0.0212376136
          -0.0597244352
          -0.0705181286
          -0.0454114713
           0.0022000670
           0.0460318960
           0.0631708428
      13.9900=T
           0.0569837168
           0.0396342501
          -0.0018081276
          -0.0412152745
          -0.0537542365
          -0.0310350750
           0.0141438069
           0.0562331080
           0.0727804899
      14.0900=T
          -0.0130602811
          -0.0141462367
          -0.0158602521
          -0.0146126729
          -0.0074311476
           0.0056564100
           0.0210572407
           0.0332860835
           0.0378479026
      14.1900=T
          -0.1140207797
          -0.0970144123
          -0.0542541593
          -0.0066117942
           0.0249889325
           0.0309389122
           0.0169781242
          -0.0012405952
          -0.0090447254
      14.2900=T
          -0.1341104805
          -0.1162371859
          -0.0714713335
          -0.0221426822
           0.0094517842
           0.0132813985
          -0.0040926766
          -0.0254028626
          -0.0344499499
      14.3900=T
          -0.0648984388
          -0.0621054731
          -0.0548531897
          -0.0460758619
          -0.0389011055
          -0.0351495519
          -0.0346649326
          -0.0357783958
          -0.0364893898
      14.4900=T
           0.0101896254
          -0.0015881362
          -0.0306668058
          -0.0614269488
          -0.0786019862
          -0.0760110095
          -0.0594071373
          -0.0418351814
          -0.0347774699
      14.5900=T
           0.0394437946
           0.0240859296
          -0.0142926583
          -0.0563411415
          -0.0828692839
          -0.0854867771
          -0.0702095330
          -0.0520595163
          -0.0445571020
      14.6900=T
           0.0156113487
           0.0077163316
          -0.0126105538
          -0.0367550813
          -0.0558385253
          -0.0652095377
          -0.0660868660
          -0.0635108501
          -0.0621820875
      14.7900=T
          -0.0412450768
          -0.0375633314
          -0.0291756094
          -0.0225446597
          -0.0236499533
          -0.0341026932
          -0.0499470867
          -0.0638656020
          -0.0693152696
      14.8900=T
          -0.0912759155
          -0.0811750218
          -0.0561178215
          -0.0292684939
          -0.0136468913
          -0.0148168644
          -0.0283312313
          -0.0433099754
          -0.0495590828
      14.9900=T
          -0.1005703285
          -0.0938017517
          -0.0758426338
          -0.0529265366
          -0.0319208391
          -0.0173288248
          -0.0099008176
          -0.0074589909
          -0.0071098683
      15.0900=T
