          -0.0099999998
          -0.1250000000
          -0.2500000000
          -0.3750000000
          -0.5000000000
          -0.6250000000
          -0.7500000000
          -0.8750000000
          -1.0000000000
       0.0000=T
          -0.0099999998
          -0.1250000000
          -0.2500000000
          -0.3750000000
          -0.5000000000
          -0.6250000000
          -0.7500000000
          -0.8750000000
          -1.0000000000
       0.0900=T
          -0.0099999998
          -0.1250000000
          -0.2500000000
          -0.3750000000
          -0.5000000000
          -0.6250000000
          -0.7500000000
          -0.8750000000
          -1.0000000000
       0.1900=T
          -0.0099999998
          -0.1250000000
          -0.2500000000
          -0.3750000000
          -0.5000000000
          -0.6250000000
          -0.7500000000
          -0.8750000000
          -1.0000000000
       0.2900=T
          -0.0099999998
          -0.1250000000
          -0.2500000000
          -0.3750000000
          -0.5000000000
          -0.6250000000
          -0.7500000000
          -0.8750000000
          -1.0000000000
       0.3900=T
          -0.0099999998
          -0.1250000000
          -0.2500000000
          -0.3750000000
          -0.5000000000
          -0.6250000000
          -0.7500000000
          -0.8750000000
          -1.0000000000
       0.4900=T
          -0.0099999998
          -0.1250000000
          -0.2500000000
          -0.3750000000
          -0.5000000000
          -0.6250000000
          -0.7500000000
          -0.8750000000
          -1.0000000000
       0.5900=T
          -0.0099999998
          -0.1250000000
          -0.2500000000
          -0.3750000000
          -0.5000000000
          -0.6250000000
          -0.7500000000
          -0.8750000000
          -1.0000000000
       0.6900=T
          -0.0099999998
          -0.1250000000
          -0.2500000000
          -0.3750000000
          -0.5000000000
          -0.6250000000
          -0.7500000000
          -0.8750000000
          -1.0000000000
       0.7900=T
          -0.0099999998
          -0.1250000000
          -0.2500000000
          -0.3750000000
          -0.5000000000
          -0.6250000000
          -0.7500000000
          -0.8750000000
          -1.0000000000
       0.8900=T
          -0.0099999998
          -0.1250000000
          -0.2500000000
          -0.3750000000
          -0.5000000000
          -0.6250000000
          -0.7500000000
          -0.8750000000
          -1.0000000000
       0.9900=T
          -0.0099999998
          -0.1250000000
          -0.2500000000
          -0.3750000000
          -0.5000000000
          -0.6250000000
          -0.7500000000
          -0.8750000000
          -1.0000000000
       1.0900=T
          -0.0099999998
          -0.1250000000
          -0.2500000000
          -0.3750000000
          -0.5000000000
          -0.6250000000
          -0.7500000000
          -0.8750000000
          -1.0000000000
       1.1900=T
          -0.0099999998
          -0.1250000000
          -0.2500000000
          -0.3750000000
          -0.5000000000
          -0.6250000000
          -0.7500000000
          -0.8750000000
          -1.0000000000
       1.2900=T
          -0.0099999998
          -0.1250000000
          -0.2500000000
          -0.3750000000
          -0.5000000000
          -0.6250000000
          -0.7500000000
          -0.8750000000
          -1.0000000000
       1.3900=T
          -0.0099999998
          -0.1250000000
          -0.2500000000
          -0.3750000000
          -0.5000000000
          -0.6250000000
          -0.7500000000
          -0.8750000000
          -1.0000000000
       1.4900=T
          -0.0099999998
          -0.1250000000
          -0.2500000000
          -0.3750000000
          -0.5000000000
          -0.6250000000
          -0.7500000000
          -0.8750000000
          -1.0000000000
       1.5900=T
          -0.0099999998
          -0.1250000000
          -0.2500000000
          -0.3750000000
          -0.5000000000
          -0.6250000000
          -0.7500000000
          -0.8750000000
          -1.0000000000
       1.6900=T
          -0.0099999998
          -0.1250000000
          -0.2500000000
          -0.3750000000
          -0.5000000000
          -0.6250000000
          -0.7500000000
          -0.8750000000
          -1.0000000000
       1.7900=T
          -0.0099999998
          -0.1250000000
          -0.2500000000
          -0.3750000000
          -0.5000000000
          -0.6250000000
          -0.7500000000
          -0.8750000000
          -1.0000000000
       1.8900=T
          -0.0099999998
          -0.1250000000
          -0.2500000000
          -0.3750000000
          -0.5000000000
          -0.6250000000
          -0.7500000000
          -0.8750000000
          -1.0000000000
       1.9900=T
          -0.0099999998
          -0.1250000000
          -0.2500000000
          -0.3750000000
          -0.5000000000
          -0.6250000000
          -0.7500000000
          -0.8750000000
          -1.0000000000
       2.0900=T
          -0.0099999998
          -0.1250000000
          -0.2500000000
          -0.3750000000
          -0.5000000000
          -0.6250000000
          -0.7500000000
          -0.8750000000
          -1.0000000000
       2.1900=T
          -0.0099999998
          -0.1250000000
          -0.2500000000
          -0.3750000000
          -0.5000000000
          -0.6250000000
          -0.7500000000
          -0.8750000000
          -1.0000000000
       2.2900=T
          -0.0099999998
          -0.1250000000
          -0.2500000000
          -0.3750000000
          -0.5000000000
          -0.6250000000
          -0.7500000000
          -0.8750000000
          -1.0000000000
       2.3900=T
          -0.0099999998
          -0.1250000000
          -0.2500000000
          -0.3750000000
          -0.5000000000
          -0.6250000000
          -0.7500000000
          -0.8750000000
          -1.0000000000
       2.4900=T
          -0.0099999998
          -0.1250000000
          -0.2500000000
          -0.3750000000
          -0.5000000000
          -0.6250000000
          -0.7500000000
          -0.8750000000
          -1.0000000000
       2.5900=T
          -0.0099999998
          -0.1250000000
          -0.2500000000
          -0.3750000000
          -0.5000000000
          -0.6250000000
          -0.7500000000
          -0.8750000000
          -1.0000000000
       2.6900=T
          -0.0099999998
          -0.1250000000
          -0.2500000000
          -0.3750000000
          -0.5000000000
          -0.6250000000
          -0.7500000000
          -0.8750000000
          -1.0000000000
       2.7900=T
          -0.0099999998
          -0.1250000000
          -0.2500000000
          -0.3750000000
          -0.5000000000
          -0.6250000000
          -0.7500000000
          -0.8750000000
          -1.0000000000
       2.8900=T
          -0.0099999998
          -0.1250000000
          -0.2500000000
          -0.3750000000
          -0.5000000000
          -0.6250000000
          -0.7500000000
          -0.8750000000
          -1.0000000000
       2.9900=T
          -0.0099999998
          -0.1250000000
          -0.2500000000
          -0.3750000000
          -0.5000000000
          -0.6250000000
          -0.7500000000
          -0.8750000000
          -1.0000000000
       3.0900=T
          -0.0099999998
          -0.1250000000
          -0.2500000000
          -0.3750000000
          -0.5000000000
          -0.6250000000
          -0.7500000000
          -0.8750000000
          -1.0000000000
       3.1900=T
          -0.0099999998
          -0.1250000000
          -0.2500000000
          -0.3750000000
          -0.5000000000
          -0.6250000000
          -0.7500000000
          -0.8750000000
          -1.0000000000
       3.2900=T
          -0.0099999998
          -0.1250000000
          -0.2500000000
          -0.3750000000
          -0.5000000000
          -0.6250000000
          -0.7500000000
          -0.8750000000
          -1.0000000000
       3.3900=T
          -0.0099999998
          -0.1250000000
          -0.2500000000
          -0.3750000000
          -0.5000000000
          -0.6250000000
          -0.7500000000
          -0.8750000000
          -1.0000000000
       3.4900=T
          -0.0099999998
          -0.1250000000
          -0.2500000000
          -0.3750000000
          -0.5000000000
          -0.6250000000
          -0.7500000000
          -0.8750000000
          -1.0000000000
       3.5900=T
          -0.0099999998
          -0.1250000000
          -0.2500000000
          -0.3750000000
          -0.5000000000
          -0.6250000000
          -0.7500000000
          -0.8750000000
          -1.0000000000
       3.6900=T
          -0.0099999998
          -0.1250000000
          -0.2500000000
          -0.3750000000
          -0.5000000000
          -0.6250000000
          -0.7500000000
          -0.8750000000
          -1.0000000000
       3.7900=T
          -0.0099999998
          -0.1250000000
          -0.2500000000
          -0.3750000000
          -0.5000000000
          -0.6250000000
          -0.7500000000
          -0.8750000000
          -1.0000000000
       3.8900=T
          -0.0099999998
          -0.1250000000
          -0.2500000000
          -0.3750000000
          -0.5000000000
          -0.6250000000
          -0.7500000000
          -0.8750000000
          -1.0000000000
       3.9900=T
          -0.0099999998
          -0.1250000000
          -0.2500000000
          -0.3750000000
          -0.5000000000
          -0.6250000000
          -0.7500000000
          -0.8750000000
          -1.0000000000
       4.0900=T
          -0.0099999998
          -0.1250000000
          -0.2500000000
          -0.3750000000
          -0.5000000000
          -0.6250000000
          -0.7500000000
          -0.8750000000
          -1.0000000000
       4.1900=T
          -0.0099999998
          -0.1250000000
          -0.2500000000
          -0.3750000000
          -0.5000000000
          -0.6250000000
          -0.7500000000
          -0.8750000000
          -1.0000000000
       4.2900=T
          -0.0099999998
          -0.1250000000
          -0.2500000000
          -0.3750000000
          -0.5000000000
          -0.6250000000
          -0.7500000000
          -0.8750000000
          -1.0000000000
       4.3900=T
          -0.0099999998
          -0.1250000000
          -0.2500000000
          -0.3750000000
          -0.5000000000
          -0.6250000000
          -0.7500000000
          -0.8750000000
          -1.0000000000
       4.4900=T
          -0.0099999998
          -0.1250000000
          -0.2500000000
          -0.3750000000
          -0.5000000000
          -0.6250000000
          -0.7500000000
          -0.8750000000
          -1.0000000000
       4.5900=T
          -0.0099999998
          -0.1250000000
          -0.2500000000
          -0.3750000000
          -0.5000000000
          -0.6250000000
          -0.7500000000
          -0.8750000000
          -1.0000000000
       4.6900=T
          -0.0099999998
          -0.1250000000
          -0.2500000000
          -0.3750000000
          -0.5000000000
          -0.6250000000
          -0.7500000000
          -0.8750000000
          -1.0000000000
       4.7900=T
          -0.0099999998
          -0.1250000000
          -0.2500000000
          -0.3750000000
          -0.5000000000
          -0.6250000000
          -0.7500000000
          -0.8750000000
          -1.0000000000
       4.8900=T
          -0.0099999998
          -0.1250000000
          -0.2500000000
          -0.3750000000
          -0.5000000000
          -0.6250000000
          -0.7500000000
          -0.8750000000
          -1.0000000000
       4.9900=T
          -0.0099999998
          -0.1250000000
          -0.2500000000
          -0.3750000000
          -0.5000000000
          -0.6250000000
          -0.7500000000
          -0.8750000000
          -1.0000000000
       5.0900=T
          -0.0099999998
          -0.1250000000
          -0.2500000000
          -0.3750000000
          -0.5000000000
          -0.6250000000
          -0.7500000000
          -0.8750000000
          -1.0000000000
       5.1900=T
          -0.0099999998
          -0.1250000000
          -0.2500000000
          -0.3750000000
          -0.5000000000
          -0.6250000000
          -0.7500000000
          -0.8750000000
          -1.0000000000
       5.2900=T
          -0.0099999998
          -0.1250000000
          -0.2500000000
          -0.3750000000
          -0.5000000000
          -0.6250000000
          -0.7500000000
          -0.8750000000
          -1.0000000000
       5.3900=T
          -0.0099999998
          -0.1250000000
          -0.2500000000
          -0.3750000000
          -0.5000000000
          -0.6250000000
          -0.7500000000
          -0.8750000000
          -1.0000000000
       5.4900=T
          -0.0099999998
          -0.1250000000
          -0.2500000000
          -0.3750000000
          -0.5000000000
          -0.6250000000
          -0.7500000000
          -0.8750000000
          -1.0000000000
       5.5900=T
          -0.0099999998
          -0.1250000000
          -0.2500000000
          -0.3750000000
          -0.5000000000
          -0.6250000000
          -0.7500000000
          -0.8750000000
          -1.0000000000
       5.6900=T
          -0.0099999998
          -0.1250000000
          -0.2500000000
          -0.3750000000
          -0.5000000000
          -0.6250000000
          -0.7500000000
          -0.8750000000
          -1.0000000000
       5.7900=T
          -0.0099999998
          -0.1250000000
          -0.2500000000
          -0.3750000000
          -0.5000000000
          -0.6250000000
          -0.7500000000
          -0.8750000000
          -1.0000000000
       5.8900=T
          -0.0099999998
          -0.1250000000
          -0.2500000000
          -0.3750000000
          -0.5000000000
          -0.6250000000
          -0.7500000000
          -0.8750000000
          -1.0000000000
       5.9900=T
          -0.0099999998
          -0.1250000000
          -0.2500000000
          -0.3750000000
          -0.5000000000
          -0.6250000000
          -0.7500000000
          -0.8750000000
          -1.0000000000
       6.0900=T
          -0.0099999998
          -0.1250000000
          -0.2500000000
          -0.3750000000
          -0.5000000000
          -0.6250000000
          -0.7500000000
          -0.8750000000
          -1.0000000000
       6.1900=T
          -0.0099999998
          -0.1250000000
          -0.2500000000
          -0.3750000000
          -0.5000000000
          -0.6250000000
          -0.7500000000
          -0.8750000000
          -1.0000000000
       6.2900=T
          -0.0099999998
          -0.1250000000
          -0.2500000000
          -0.3750000000
          -0.5000000000
          -0.6250000000
          -0.7500000000
          -0.8750000000
          -1.0000000000
       6.3900=T
          -0.0099999998
          -0.1250000000
          -0.2500000000
          -0.3750000000
          -0.5000000000
          -0.6250000000
          -0.7500000000
          -0.8750000000
          -1.0000000000
       6.4900=T
          -0.0099999998
          -0.1250000000
          -0.2500000000
          -0.3750000000
          -0.5000000000
          -0.6250000000
          -0.7500000000
          -0.8750000000
          -1.0000000000
       6.5900=T
          -0.0099999998
          -0.1250000000
          -0.2500000000
          -0.3750000000
          -0.5000000000
          -0.6250000000
          -0.7500000000
          -0.8750000000
          -1.0000000000
       6.6900=T
          -0.0099999998
          -0.1250000000
          -0.2500000000
          -0.3750000000
          -0.5000000000
          -0.6250000000
          -0.7500000000
          -0.8750000000
          -1.0000000000
       6.7900=T
          -0.0099999998
          -0.1250000000
          -0.2500000000
          -0.3750000000
          -0.5000000000
          -0.6250000000
          -0.7500000000
          -0.8750000000
          -1.0000000000
       6.8900=T
          -0.0099999998
          -0.1250000000
          -0.2500000000
          -0.3750000000
          -0.5000000000
          -0.6250000000
          -0.7500000000
          -0.8750000000
          -1.0000000000
       6.9900=T
          -0.0099999998
          -0.1250000000
          -0.2500000000
          -0.3750000000
          -0.5000000000
          -0.6250000000
          -0.7500000000
          -0.8750000000
          -1.0000000000
       7.0900=T
          -0.0099999998
          -0.1250000000
          -0.2500000000
          -0.3750000000
          -0.5000000000
          -0.6250000000
          -0.7500000000
          -0.8750000000
          -1.0000000000
       7.1900=T
          -0.0099999998
          -0.1250000000
          -0.2500000000
          -0.3750000000
          -0.5000000000
          -0.6250000000
          -0.7500000000
          -0.8750000000
          -1.0000000000
       7.2900=T
          -0.0099999998
          -0.1250000000
          -0.2500000000
          -0.3750000000
          -0.5000000000
          -0.6250000000
          -0.7500000000
          -0.8750000000
          -1.0000000000
       7.3900=T
          -0.0099999998
          -0.1250000000
          -0.2500000000
          -0.3750000000
          -0.5000000000
          -0.6250000000
          -0.7500000000
          -0.8750000000
          -1.0000000000
       7.4900=T
          -0.0099999998
          -0.1250000000
          -0.2500000000
          -0.3750000000
          -0.5000000000
          -0.6250000000
          -0.7500000000
          -0.8750000000
          -1.0000000000
       7.5900=T
          -0.0099999998
          -0.1250000000
          -0.2500000000
          -0.3750000000
          -0.5000000000
          -0.6250000000
          -0.7500000000
          -0.8750000000
          -1.0000000000
       7.6900=T
          -0.0099999998
          -0.1250000000
          -0.2500000000
          -0.3750000000
          -0.5000000000
          -0.6250000000
          -0.7500000000
          -0.8750000000
          -1.0000000000
       7.7900=T
          -0.0099999998
          -0.1250000000
          -0.2500000000
          -0.3750000000
          -0.5000000000
          -0.6250000000
          -0.7500000000
          -0.8750000000
          -1.0000000000
       7.8900=T
          -0.0099999998
          -0.1250000000
          -0.2500000000
          -0.3750000000
          -0.5000000000
          -0.6250000000
          -0.7500000000
          -0.8750000000
          -1.0000000000
       7.9900=T
          -0.0099999998
          -0.1250000000
          -0.2500000000
          -0.3750000000
          -0.5000000000
          -0.6250000000
          -0.7500000000
          -0.8750000000
          -1.0000000000
       8.0900=T
          -0.0099999998
          -0.1250000000
          -0.2500000000
          -0.3750000000
          -0.5000000000
          -0.6250000000
          -0.7500000000
          -0.8750000000
          -1.0000000000
       8.1900=T
          -0.0099999998
          -0.1250000000
          -0.2500000000
          -0.3750000000
          -0.5000000000
          -0.6250000000
          -0.7500000000
          -0.8750000000
          -1.0000000000
       8.2900=T
          -0.0099999998
          -0.1250000000
          -0.2500000000
          -0.3750000000
          -0.5000000000
          -0.6250000000
          -0.7500000000
          -0.8750000000
          -1.0000000000
       8.3900=T
          -0.0099999998
          -0.1250000000
          -0.2500000000
          -0.3750000000
          -0.5000000000
          -0.6250000000
          -0.7500000000
          -0.8750000000
          -1.0000000000
       8.4900=T
          -0.0099999998
          -0.1250000000
          -0.2500000000
          -0.3750000000
          -0.5000000000
          -0.6250000000
          -0.7500000000
          -0.8750000000
          -1.0000000000
       8.5900=T
          -0.0099999998
          -0.1250000000
          -0.2500000000
          -0.3750000000
          -0.5000000000
          -0.6250000000
          -0.7500000000
          -0.8750000000
          -1.0000000000
       8.6900=T
          -0.0099999998
          -0.1250000000
          -0.2500000000
          -0.3750000000
          -0.5000000000
          -0.6250000000
          -0.7500000000
          -0.8750000000
          -1.0000000000
       8.7900=T
          -0.0099999998
          -0.1250000000
          -0.2500000000
          -0.3750000000
          -0.5000000000
          -0.6250000000
          -0.7500000000
          -0.8750000000
          -1.0000000000
       8.8900=T
          -0.0099999998
          -0.1250000000
          -0.2500000000
          -0.3750000000
          -0.5000000000
          -0.6250000000
          -0.7500000000
          -0.8750000000
          -1.0000000000
       8.9900=T
          -0.0099999998
          -0.1250000000
          -0.2500000000
          -0.3750000000
          -0.5000000000
          -0.6250000000
          -0.7500000000
          -0.8750000000
          -1.0000000000
       9.0900=T
          -0.0099999998
          -0.1250000000
          -0.2500000000
          -0.3750000000
          -0.5000000000
          -0.6250000000
          -0.7500000000
          -0.8750000000
          -1.0000000000
       9.1900=T
          -0.0099999998
          -0.1250000000
          -0.2500000000
          -0.3750000000
          -0.5000000000
          -0.6250000000
          -0.7500000000
          -0.8750000000
          -1.0000000000
       9.2900=T
          -0.0099999998
          -0.1250000000
          -0.2500000000
          -0.3750000000
          -0.5000000000
          -0.6250000000
          -0.7500000000
          -0.8750000000
          -1.0000000000
       9.3900=T
          -0.0099999998
          -0.1250000000
          -0.2500000000
          -0.3750000000
          -0.5000000000
          -0.6250000000
          -0.7500000000
          -0.8750000000
          -1.0000000000
       9.4900=T
          -0.0099999998
          -0.1250000000
          -0.2500000000
          -0.3750000000
          -0.5000000000
          -0.6250000000
          -0.7500000000
          -0.8750000000
          -1.0000000000
       9.5900=T
          -0.0099999998
          -0.1250000000
          -0.2500000000
          -0.3750000000
          -0.5000000000
          -0.6250000000
          -0.7500000000
          -0.8750000000
          -1.0000000000
       9.6900=T
          -0.0099999998
          -0.1250000000
          -0.2500000000
          -0.3750000000
          -0.5000000000
          -0.6250000000
          -0.7500000000
          -0.8750000000
          -1.0000000000
       9.7900=T
          -0.0099999998
          -0.1250000000
          -0.2500000000
          -0.3750000000
          -0.5000000000
          -0.6250000000
          -0.7500000000
          -0.8750000000
          -1.0000000000
       9.8900=T
          -0.0099999998
          -0.1250000000
          -0.2500000000
          -0.3750000000
          -0.5000000000
          -0.6250000000
          -0.7500000000
          -0.8750000000
          -1.0000000000
       9.9900=T
          -0.0099999998
          -0.1250000000
          -0.2500000000
          -0.3750000000
          -0.5000000000
          -0.6250000000
          -0.7500000000
          -0.8750000000
          -1.0000000000
      10.0900=T
          -0.0099999998
          -0.1250000000
          -0.2500000000
          -0.3750000000
          -0.5000000000
          -0.6250000000
          -0.7500000000
          -0.8750000000
          -1.0000000000
      10.1900=T
          -0.0099999998
          -0.1250000000
          -0.2500000000
          -0.3750000000
          -0.5000000000
          -0.6250000000
          -0.7500000000
          -0.8750000000
          -1.0000000000
      10.2900=T
          -0.0099999998
          -0.1250000000
          -0.2500000000
          -0.3750000000
          -0.5000000000
          -0.6250000000
          -0.7500000000
          -0.8750000000
          -1.0000000000
      10.3900=T
          -0.0099999998
          -0.1250000000
          -0.2500000000
          -0.3750000000
          -0.5000000000
          -0.6250000000
          -0.7500000000
          -0.8750000000
          -1.0000000000
      10.4900=T
          -0.0099999998
          -0.1250000000
          -0.2500000000
          -0.3750000000
          -0.5000000000
          -0.6250000000
          -0.7500000000
          -0.8750000000
          -1.0000000000
      10.5900=T
          -0.0099999998
          -0.1250000000
          -0.2500000000
          -0.3750000000
          -0.5000000000
          -0.6250000000
          -0.7500000000
          -0.8750000000
          -1.0000000000
      10.6900=T
          -0.0099999998
          -0.1250000000
          -0.2500000000
          -0.3750000000
          -0.5000000000
          -0.6250000000
          -0.7500000000
          -0.8750000000
          -1.0000000000
      10.7900=T
          -0.0099999998
          -0.1250000000
          -0.2500000000
          -0.3750000000
          -0.5000000000
          -0.6250000000
          -0.7500000000
          -0.8750000000
          -1.0000000000
      10.8900=T
          -0.0099999998
          -0.1250000000
          -0.2500000000
          -0.3750000000
          -0.5000000000
          -0.6250000000
          -0.7500000000
          -0.8750000000
          -1.0000000000
      10.9900=T
          -0.0099999998
          -0.1250000000
          -0.2500000000
          -0.3750000000
          -0.5000000000
          -0.6250000000
          -0.7500000000
          -0.8750000000
          -1.0000000000
      11.0900=T
          -0.0099999998
          -0.1250000000
          -0.2500000000
          -0.3750000000
          -0.5000000000
          -0.6250000000
          -0.7500000000
          -0.8750000000
          -1.0000000000
      11.1900=T
          -0.0099999998
          -0.1250000000
          -0.2500000000
          -0.3750000000
          -0.5000000000
          -0.6250000000
          -0.7500000000
          -0.8750000000
          -1.0000000000
      11.2900=T
          -0.0099999998
          -0.1250000000
          -0.2500000000
          -0.3750000000
          -0.5000000000
          -0.6250000000
          -0.7500000000
          -0.8750000000
          -1.0000000000
      11.3900=T
          -0.0099999998
          -0.1250000000
          -0.2500000000
          -0.3750000000
          -0.5000000000
          -0.6250000000
          -0.7500000000
          -0.8750000000
          -1.0000000000
      11.4900=T
          -0.0099999998
          -0.1250000000
          -0.2500000000
          -0.3750000000
          -0.5000000000
          -0.6250000000
          -0.7500000000
          -0.8750000000
          -1.0000000000
      11.5900=T
          -0.0099999998
          -0.1250000000
          -0.2500000000
          -0.3750000000
          -0.5000000000
          -0.6250000000
          -0.7500000000
          -0.8750000000
          -1.0000000000
      11.6900=T
          -0.0099999998
          -0.1250000000
          -0.2500000000
          -0.3750000000
          -0.5000000000
          -0.6250000000
          -0.7500000000
          -0.8750000000
          -1.0000000000
      11.7900=T
          -0.0099999998
          -0.1250000000
          -0.2500000000
          -0.3750000000
          -0.5000000000
          -0.6250000000
          -0.7500000000
          -0.8750000000
          -1.0000000000
      11.8900=T
          -0.0099999998
          -0.1250000000
          -0.2500000000
          -0.3750000000
          -0.5000000000
          -0.6250000000
          -0.7500000000
          -0.8750000000
          -1.0000000000
      11.9900=T
          -0.0099999998
          -0.1250000000
          -0.2500000000
          -0.3750000000
          -0.5000000000
          -0.6250000000
          -0.7500000000
          -0.8750000000
          -1.0000000000
      12.0900=T
          -0.0099999998
          -0.1250000000
          -0.2500000000
          -0.3750000000
          -0.5000000000
          -0.6250000000
          -0.7500000000
          -0.8750000000
          -1.0000000000
      12.1900=T
          -0.0099999998
          -0.1250000000
          -0.2500000000
          -0.3750000000
          -0.5000000000
          -0.6250000000
          -0.7500000000
          -0.8750000000
          -1.0000000000
      12.2900=T
          -0.0099999998
          -0.1250000000
          -0.2500000000
          -0.3750000000
          -0.5000000000
          -0.6250000000
          -0.7500000000
          -0.8750000000
          -1.0000000000
      12.3900=T
          -0.0099999998
          -0.1250000000
          -0.2500000000
          -0.3750000000
          -0.5000000000
          -0.6250000000
          -0.7500000000
          -0.8750000000
          -1.0000000000
      12.4900=T
          -0.0099999998
          -0.1250000000
          -0.2500000000
          -0.3750000000
          -0.5000000000
          -0.6250000000
          -0.7500000000
          -0.8750000000
          -1.0000000000
      12.5900=T
          -0.0099999998
          -0.1250000000
          -0.2500000000
          -0.3750000000
          -0.5000000000
          -0.6250000000
          -0.7500000000
          -0.8750000000
          -1.0000000000
      12.6900=T
          -0.0099999998
          -0.1250000000
          -0.2500000000
          -0.3750000000
          -0.5000000000
          -0.6250000000
          -0.7500000000
          -0.8750000000
          -1.0000000000
      12.7900=T
          -0.0099999998
          -0.1250000000
          -0.2500000000
          -0.3750000000
          -0.5000000000
          -0.6250000000
          -0.7500000000
          -0.8750000000
          -1.0000000000
      12.8900=T
          -0.0099999998
          -0.1250000000
          -0.2500000000
          -0.3750000000
          -0.5000000000
          -0.6250000000
          -0.7500000000
          -0.8750000000
          -1.0000000000
      12.9900=T
          -0.0099999998
          -0.1250000000
          -0.2500000000
          -0.3750000000
          -0.5000000000
          -0.6250000000
          -0.7500000000
          -0.8750000000
          -1.0000000000
      13.0900=T
          -0.0099999998
          -0.1250000000
          -0.2500000000
          -0.3750000000
          -0.5000000000
          -0.6250000000
          -0.7500000000
          -0.8750000000
          -1.0000000000
      13.1900=T
          -0.0099999998
          -0.1250000000
          -0.2500000000
          -0.3750000000
          -0.5000000000
          -0.6250000000
          -0.7500000000
          -0.8750000000
          -1.0000000000
      13.2900=T
          -0.0099999998
          -0.1250000000
          -0.2500000000
          -0.3750000000
          -0.5000000000
          -0.6250000000
          -0.7500000000
          -0.8750000000
          -1.0000000000
      13.3900=T
          -0.0099999998
          -0.1250000000
          -0.2500000000
          -0.3750000000
          -0.5000000000
          -0.6250000000
          -0.7500000000
          -0.8750000000
          -1.0000000000
      13.4900=T
          -0.0099999998
          -0.1250000000
          -0.2500000000
          -0.3750000000
          -0.5000000000
          -0.6250000000
          -0.7500000000
          -0.8750000000
          -1.0000000000
      13.5900=T
          -0.0099999998
          -0.1250000000
          -0.2500000000
          -0.3750000000
          -0.5000000000
          -0.6250000000
          -0.7500000000
          -0.8750000000
          -1.0000000000
      13.6900=T
          -0.0099999998
          -0.1250000000
          -0.2500000000
          -0.3750000000
          -0.5000000000
          -0.6250000000
          -0.7500000000
          -0.8750000000
          -1.0000000000
      13.7900=T
          -0.0099999998
          -0.1250000000
          -0.2500000000
          -0.3750000000
          -0.5000000000
          -0.6250000000
          -0.7500000000
          -0.8750000000
          -1.0000000000
      13.8900=T
          -0.0099999998
          -0.1250000000
          -0.2500000000
          -0.3750000000
          -0.5000000000
          -0.6250000000
          -0.7500000000
          -0.8750000000
          -1.0000000000
      13.9900=T
          -0.0099999998
          -0.1250000000
          -0.2500000000
          -0.3750000000
          -0.5000000000
          -0.6250000000
          -0.7500000000
          -0.8750000000
          -1.0000000000
      14.0900=T
          -0.0099999998
          -0.1250000000
          -0.2500000000
          -0.3750000000
          -0.5000000000
          -0.6250000000
          -0.7500000000
          -0.8750000000
          -1.0000000000
      14.1900=T
          -0.0099999998
          -0.1250000000
          -0.2500000000
          -0.3750000000
          -0.5000000000
          -0.6250000000
          -0.7500000000
          -0.8750000000
          -1.0000000000
      14.2900=T
          -0.0099999998
          -0.1250000000
          -0.2500000000
          -0.3750000000
          -0.5000000000
          -0.6250000000
          -0.7500000000
          -0.8750000000
          -1.0000000000
      14.3900=T
          -0.0099999998
          -0.1250000000
          -0.2500000000
          -0.3750000000
          -0.5000000000
          -0.6250000000
          -0.7500000000
          -0.8750000000
          -1.0000000000
      14.4900=T
          -0.0099999998
          -0.1250000000
          -0.2500000000
          -0.3750000000
          -0.5000000000
          -0.6250000000
          -0.7500000000
          -0.8750000000
          -1.0000000000
      14.5900=T
          -0.0099999998
          -0.1250000000
          -0.2500000000
          -0.3750000000
          -0.5000000000
          -0.6250000000
          -0.7500000000
          -0.8750000000
          -1.0000000000
      14.6900=T
          -0.0099999998
          -0.1250000000
          -0.2500000000
          -0.3750000000
          -0.5000000000
          -0.6250000000
          -0.7500000000
          -0.8750000000
          -1.0000000000
      14.7900=T
          -0.0099999998
          -0.1250000000
          -0.2500000000
          -0.3750000000
          -0.5000000000
          -0.6250000000
          -0.7500000000
          -0.8750000000
          -1.0000000000
      14.8900=T
          -0.0099999998
          -0.1250000000
          -0.2500000000
          -0.3750000000
          -0.5000000000
          -0.6250000000
          -0.7500000000
          -0.8750000000
          -1.0000000000
      14.9900=T
          -0.0099999998
          -0.1250000000
          -0.2500000000
          -0.3750000000
          -0.5000000000
          -0.6250000000
          -0.7500000000
          -0.8750000000
          -1.0000000000
      15.0900=T
