           0.0000000000
           0.0899999961
           0.1899999976
           0.2899999917
           0.3899999857
           0.4899999797
           0.5899999738
           0.6899999976
           0.7899999619
           0.8899999857
           0.9899999499
           1.0900000334
           1.1899999380
           1.2899999619
           1.3899999857
           1.4900000095
           1.5899999142
           1.6899999380
           1.7899999619
           1.8899999857
           1.9900000095
           2.0899999142
           2.1900000572
           2.2899999619
           2.3899998665
           2.4900000095
           2.5899999142
           2.6900000572
           2.7899999619
           2.8899998665
           2.9900000095
           3.0899999142
           3.1899998188
           3.2899999619
           3.3899998665
           3.4900000095
           3.5899999142
           3.6899998188
           3.7899999619
           3.8899998665
           3.9900000095
           4.0899996758
           4.1900000572
           4.2899999619
           4.3899998665
           4.4899997711
           4.5899996758
           4.6900000572
           4.7899999619
           4.8899998665
           4.9899997711
           5.0899996758
           5.1900000572
           5.2899999619
           5.3899998665
           5.4899997711
           5.5899996758
           5.6900000572
           5.7899999619
           5.8899998665
           5.9899997711
           6.0899996758
           6.1900000572
           6.2899999619
           6.3899998665
           6.4899997711
           6.5899996758
           6.6900000572
           6.7899999619
           6.8899998665
           6.9899997711
           7.0899996758
           7.1900000572
           7.2899999619
           7.3899998665
           7.4899997711
           7.5899996758
           7.6900000572
           7.7899999619
           7.8899998665
           7.9899997711
           8.0900001526
           8.1899995804
           8.2899999619
           8.3899993896
           8.4899997711
           8.5900001526
           8.6899995804
           8.7899999619
           8.8899993896
           8.9899997711
           9.0900001526
           9.1899995804
           9.2899999619
           9.3899993896
           9.4899997711
           9.5900001526
           9.6899995804
           9.7899999619
           9.8899993896
           9.9899997711
          10.0900001526
          10.1899995804
          10.2899999619
          10.3899993896
          10.4899997711
          10.5900001526
          10.6899995804
          10.7899999619
          10.8899993896
          10.9899997711
          11.0900001526
          11.1899995804
          11.2899999619
          11.3899993896
          11.4899997711
          11.5900001526
          11.6899995804
          11.7899999619
          11.8899993896
          11.9899997711
          12.0900001526
          12.1899995804
          12.2899999619
          12.3899993896
          12.4899997711
          12.5900001526
          12.6899995804
          12.7899999619
          12.8899993896
          12.9899997711
          13.0900001526
          13.1899995804
          13.2899999619
          13.3899993896
          13.4899997711
          13.5900001526
          13.6899995804
          13.7899999619
          13.8899993896
          13.9899997711
          14.0900001526
          14.1899995804
          14.2899999619
          14.3899993896
          14.4899997711
          14.5899991989
          14.6899995804
          14.7899999619
          14.8899993896
          14.9899997711
          15.0899991989
